Run semi-empirical minimization
 &qmmm
    qm_theory='AM1', grms_tol=0.0005,
 scfconv=1.d-10, ndiis_attempts=700,   qmcharge=0,
 /
   6    C4       24.2940      -24.1240       -0.0710 
   6    C7       21.5530      -27.2140       -4.1120 
   6    C8       22.0680      -26.7470       -5.3310 
   6    C9       22.6710      -25.5120       -5.4480 
   6   C10       22.7690      -24.7300       -4.2950 
   6   C11       21.6930      -26.4590       -2.9540 
   6   C12       22.2940      -25.1870       -3.0750 
   6   C13       22.4630      -24.4140       -1.8080 
   6   C14       23.9250      -24.7040       -1.3940 
   8   OAB       23.4120      -23.5360       -4.3420 
   1     H       25.3130      -24.3620        0.1510 
   1    H1       23.6590      -24.5330        0.6870 
   1    H2       24.1740      -23.0610       -0.1020 
   1    H3       21.0670      -28.1240       -4.0750 
   1    H4       21.9930      -27.3470       -6.1670 
   1    H5       23.0360      -25.1780       -6.3540 
   1    H6       21.3700      -26.8140       -2.0410 
   1    H7       21.7790      -24.7550       -1.0590 
   1    H8       22.2660      -23.3690       -1.9300 
   1    H9       24.5760      -24.2930       -2.1380 
   1   H10       24.0240      -25.7660       -1.3110 
   1   H11       23.7390      -23.2120       -5.1580 

